---
poses:
- x: -35.0
  y: 60.0
  heading: 0.0
constraints:
  maximumVelocity: 25.0
  maximumAcceleration: 40.0
  maximumAngularVelocity: 3.141592653589793
  maximumAngularAcceleration: 6.283185307179586
resolution: 250
