---
poses:
- x: 12.0
  y: 12.0
  heading: 0.0
- x: 5.0
  y: 18.0
  heading: 0.0
- x: 10.0
  y: 48.0
  heading: 1.5707963267948966
- x: -35.0
  y: 60.0
  heading: 3.141592653589793
constraints:
  maximumVelocity: 25.0
  maximumAcceleration: 40.0
  maximumAngularVelocity: 3.141592653589793
  maximumAngularAcceleration: 6.283185307179586
resolution: 250
